0 1
0 2
2 3
3 4
1 5
5 6
3 7
5 8
5 9
2 10
3 11
8 12
2 13
13 14
12 15
9 16
2 17
9 18
4 19
17 18
8 17
5 12
4 6
14 15
13 18
2 16
0 3
10 12
1 12
2 5
1 2
2 14
0 10
14 16
10 19
6 12
0 4
7 18
0 12
0 14
14 17
11 15
16 18
14 19
6 8
1 18
1 9
1 3
12 16
18 19
17 19
2 19
9 11
12 17
9 12
1 7
2 18
0 19
0 11
8 9
11 19
6 19
2 8
7 19
16 17
1 14
3 19
4 13
13 16
13 17
6 11
1 15
3 13
7 10
1 16
2 12
6 7
11 16
0 6
6 17
3 12
5 19
4 9
6 14
5 18
4 17
2 9
1 11
1 8
7 12
3 17
15 18
2 4
1 10
8 19
9 10
8 14
9 13
2 7
3 6
0 18
0 9
7 11
11 13
4 18
4 12
0 17
6 16
1 13
8 10
1 19
3 9
7 9
7 14
10 18
10 16
15 17
11 14
1 6
2 15
7 17
9 15
5 7
6 13
9 19
7 15
8 11
4 5
14 18
7 8
11 12
10 17
10 15
11 18
12 14
4 10
6 10
8 13
3 8
12 13
5 14
5 17
6 9
0 5
10 13
15 19
4 7
8 15
12 18
0 13
8 16
16 19
5 11
15 16
3 14
0 16
12 19
0 8
7 16
3 16
3 5
13 15
5 13
4 11
5 15
6 18
3 18
8 18
3 15
7 13
13 19
9 17
1 17
5 10
1 4
2 11
4 16
3 10
6 15
10 11
