0 1
0 2
0 3
3 4
4 5
2 6
6 7
2 8
6 9
9 10
3 11
0 12
4 13
3 14
8 15
1 16
2 17
15 18
5 19
16 17
13 17
9 15
12 15
2 9
6 19
3 17
1 2
0 16
5 15
13 16
6 16
7 14
5 12
3 18
1 19
6 8
7 12
4 9
5 13
0 17
11 15
7 11
3 15
2 16
2 14
12 18
2 13
4 18
4 10
13 19
16 19
8 17
11 12
4 14
2 10
13 14
0 14
0 9
8 12
3 8
0 10
6 10
11 16
3 19
8 13
7 13
8 14
3 6
0 11
6 17
9 17
9 11
12 17
4 12
12 19
2 15
10 14
4 16
13 15
10 15
6 14
3 13
10 17
9 19
8 16
7 16
2 5
2 12
10 12
3 5
15 17
1 7
2 18
10 18
9 16
4 8
17 19
12 14
1 13
6 13
1 8
8 11
14 16
10 19
2 4
8 19
10 11
2 11
5 11
14 19
5 9
1 11
6 11
12 16
16 18
13 18
7 8
14 17
10 13
4 19
3 12
1 5
5 16
6 15
11 13
1 10
4 11
1 3
2 7
2 3
1 12
6 12
0 18
0 13
5 8
1 14
15 19
5 6
8 9
9 13
11 14
11 17
10 16
12 13
4 7
0 4
8 10
3 16
5 17
7 9
4 15
1 9
7 15
0 7
0 8
18 19
5 18
0 15
3 7
9 12
0 6
5 14
3 9
9 14
17 18
7 18
7 10
7 19
15 16
5 10
11 18
2 19
4 6
11 19
9 18
1 6
3 10
1 18
14 18
0 5
4 17
6 18
1 4
0 19
14 15
5 7
1 17
8 18
7 17
1 15
