0 1
1 2
1 3
2 4
2 5
3 6
6 7
5 8
5 9
9 10
3 11
6 12
6 13
9 14
8 15
9 16
0 17
10 18
11 19
3 4
5 17
0 11
1 13
3 17
9 12
3 13
0 2
2 6
0 5
4 14
9 15
8 12
3 14
3 8
1 8
14 15
1 10
8 19
7 12
7 10
1 6
13 16
4 13
7 19
8 11
12 19
4 12
0 7
6 9
5 13
5 12
6 16
10 12
14 19
17 19
12 14
6 17
12 17
8 9
2 9
0 4
10 13
11 14
12 16
5 19
3 5
9 17
4 7
10 16
6 10
4 10
7 13
3 9
5 10
7 17
4 16
5 18
2 8
3 18
10 17
2 16
0 3
8 10
2 10
1 9
9 11
1 17
1 4
4 5
0 13
4 15
7 8
13 19
13 14
8 14
18 19
0 19
5 15
0 18
1 18
1 19
12 18
2 17
3 12
10 11
2 18
6 19
10 19
2 19
14 17
12 15
8 13
3 7
12 13
17 18
3 15
7 11
10 14
13 15
8 18
2 7
0 12
4 19
8 17
1 7
0 8
13 18
9 19
4 9
2 11
11 15
11 18
14 16
5 11
1 5
14 18
1 11
0 6
6 11
7 16
15 18
3 16
2 12
4 17
5 7
4 18
0 16
9 13
5 6
0 15
7 18
0 10
4 8
7 15
1 16
9 18
1 14
3 10
6 18
2 15
