0 1
0 2
0 3
3 4
3 5
4 6
1 7
6 8
6 9
2 10
1 11
6 12
6 13
10 14
12 15
8 16
16 17
15 18
14 19
15 16
4 7
7 19
4 10
0 7
0 8
2 18
7 13
11 16
5 18
12 16
6 16
2 9
14 16
1 8
18 19
11 19
11 17
6 10
12 18
4 17
1 17
1 18
11 15
0 17
8 10
7 12
0 15
17 19
7 18
9 17
1 5
6 17
5 16
8 12
7 9
12 14
8 15
1 6
3 7
7 15
1 9
15 19
11 14
1 3
2 12
2 16
0 11
8 14
9 12
2 7
3 10
2 11
0 5
13 15
4 8
0 19
10 11
10 12
0 6
5 10
7 17
8 9
3 16
0 16
7 11
12 13
17 18
3 11
6 15
10 18
0 14
0 9
3 13
7 14
6 14
4 9
5 14
1 14
11 12
5 17
2 13
1 15
0 12
2 15
3 12
5 12
16 18
5 11
11 13
4 13
0 13
4 14
5 6
5 19
0 18
2 3
13 19
9 19
2 4
4 15
15 17
9 14
5 9
4 11
13 18
3 15
8 19
1 4
5 7
3 17
4 19
13 14
8 11
4 16
1 10
1 12
1 13
9 13
3 14
6 11
