0 1
0 2
0 3
1 4
4 5
3 6
5 7
5 8
7 9
4 10
7 11
7 12
8 13
3 14
2 15
9 16
14 17
17 18
3 19
2 8
7 16
4 19
9 18
12 17
10 11
6 11
3 11
2 16
0 4
16 18
7 15
0 6
3 16
9 19
2 11
5 18
4 13
4 17
4 12
3 7
0 12
0 8
10 16
13 19
5 16
11 15
16 17
5 19
1 3
7 19
2 14
2 19
6 9
3 15
0 5
8 14
1 11
6 19
3 18
12 16
10 18
11 18
9 13
6 14
6 16
4 8
6 12
4 9
2 3
11 12
6 10
2 4
15 19
8 18
3 13
1 7
6 15
9 15
1 5
12 19
7 14
0 19
1 18
9 17
14 19
6 7
14 15
12 18
11 16
8 15
7 17
14 18
2 7
6 8
10 12
2 17
11 19
14 16
13 18
5 15
6 13
4 18
4 16
15 16
0 10
2 6
1 12
0 17
1 15
3 4
1 8
0 9
1 17
16 19
0 15
5 11
3 8
9 11
4 11
13 16
