0 1
1 2
2 3
1 4
1 5
3 6
4 7
0 8
2 9
1 10
6 11
5 12
8 13
5 14
5 15
4 16
5 17
6 18
8 19
7 10
2 8
1 11
3 18
0 3
8 18
10 13
3 14
2 18
4 19
10 12
5 7
5 9
6 16
6 13
15 16
8 11
1 19
3 15
14 17
2 16
4 15
8 10
16 19
3 9
10 18
3 10
13 18
1 12
5 16
1 17
6 17
4 9
4 11
1 13
1 7
0 9
14 15
4 5
12 19
4 13
13 19
0 10
6 10
16 17
15 17
12 14
9 19
14 16
3 8
0 7
0 14
0 2
4 12
10 16
2 11
9 10
18 19
8 17
0 6
7 14
12 18
7 8
11 13
8 16
6 12
11 12
5 19
11 16
7 16
1 8
10 17
2 15
15 19
9 12
9 14
2 7
0 12
11 19
11 17
0 19
11 15
10 19
5 13
5 8
13 15
2 12
7 13
12 16
5 11
2 10
6 19
4 18
4 8
3 16
6 9
10 11
9 16
13 17
12 13
2 14
2 5
7 19
0 11
3 7
0 18
